Install the following library before running the program:
pip install PyQt5

Testcase:
y = ax+b 
x = 1, 3, 4, 7, 9, 12
y = 0, 2, 5, 10, 12, 16
sumX2 = 300
sumX = 36
sumXY = 396
sumY = 45
a = 1,5
b = -1,5
y = 1,5x - 1,5

y = a.e^(bx)
x = 1.1, 3.2, 5.1, 7.7, 9.6, 12.2
y = 3.1, 29.9, 65.7, 100.4, 195.7, 300.4
sumX2 = 337.75
sumX = 38.9
sumXLnY = 189.2098
sumLnY = 24.30522
lna = 1,6537 => a = 5.2263
b = 0.3697
y = 5.2263.e^(0.3697x)

y = a.x^b
x = 1.1, 3.2, 5.1, 7.7, 9.6, 12.2
y = 3.1, 29.9, 65.7, 100.4, 195.7, 300.4
sumLnX2 = 24.30522
sumLnX = 9.692121
sumLnXLNY = 46.49226
sumLnY = 24.30522
lna = 1,0556 => a = 2.8737
b = 1.8542
y = 2.8737.x^1.8542

y = a.x^2 + bx + c
x = 1, 2, 4, 8, 11, 13
y = 0, 1, 11, 13, 30, 50
sumX = 39
sumY = 105
sumX2 = 375
sumXY = 1130
sumX3 = 4113
sumX2Y = 13092
sumX4 = 47571
a = 0.3486
b = -1.1242
c = 3.0194
y = 0.3486.x^2 - 1.1242x + 3.0194

